0.0164948
0.260182
1.76454
0.617932
2.3419
5.475
0.0104167
11.7333
3.03719
0.311537
20.346
0.00442708
37.3333
0.495918
0.512117
16.875
0.00854167
4.28316
7.47111
1.28495
0.949074
0.005
3210
0.0184296
0.956537
1.27876
0.637422
1.28319
1.12792
0.952026
1.05629
0.772721
1.11482
0.962281
1.19732
1.04911
0.742101
1.25975
0.869391
0.982051
1.29694
0.594236
1.52109
0.929564
1.06475
1.08507
0.718924
1.21753
0.975845
0.908213
1.40561
0.65441
1.13134
1.18926
0.866699
1.18728
0.691667
1.22396
1.01041
0.986299
1.3551
0.634935
1.2088
0.917875
1.09603
1.20856
0.623008
1.33607
0.981322
1.1272
0.973476
0.761007
1.24105
0.905168
1.02318
1.2854
0.680191
0.0873596
213.376
0.0602068
1.12618
0.841875
1.09311
1.03321
1.08855
0.907547
0.995833
1
1
1
1
1
1
1
1
1
1
1
1
1
1
1
0.941667
0.8411
0.941637
2.41047
0.30362
2.08379
0.808387
1.11141
1.67755
0.311111
1.57471
1.24054
0.968391
2.1051
0.247187
2.84203
0.729035
0.917068
1.17935
0.726042
1.19072
0.983213
1.00719
1.13469
0.761979
1.14283
1.00964
0.983311
1.1763
0.76362
1.07651
1.0364
1.03248
1.1396
0.717066
1.21492
0.944105
1.11851
1.0714
0.731137
1.2088
0.934739
1.03239
1.28975
0.679514
1.1198
1.05091
0.972675
1.24313
0.697643
0.272595
21.7529
0.197917
1
1
1
1
1
1
1
0.997917
1.00418
0.997917
1
0.997917
1.00418
0.997917
0.710417
1.98141
0.710417
1
0.0395833
638.227
0.0395833
0
100
0.0100209
0.993759
1.00839
0.176345
31.8893
0.177083
1
1
1
0.975
0.262985
15.6
0.25
1
0.997917
1.00418
0.0831597
144
0.0833333
1
1
0.997917
1.00418
0.106029
88.5813
0.10625
0.997917
1.00418
0.997917
1
1
1
1
1
0.00833333
14400
0.00833333
1
1
1
1
1
1
0.0104167
9216
0.0104167
1
1
1
1
0.59375
2.83657
0.59375
1
1
1
1
1
1
1
1
1
1
1
1
1
1
1
1
1
1
1
1
0.416667
5.208
0.445964
1.03579
1.13743
0.758312
1.1845
0.951197
0.95962
1.32684
0.801211
1.01262
0.99375
0.995833
1.00839
0.987535
1.00628
1.00421
1.00209
0.999983
0.991684
0.997882
1.01479
0.987509
1.01051
0.989609
1.00208
0.989491
1.03209
0.979206
1.00418
0.995838
0.999996
1.00628
0.995833
1
1
1
1
1
1
1
0.997917
1.00418
0.997917
1
1
0.995833
1.00839
0.993759
1.00418
0.997917
1
1
1
1
1
1
1
1
1
1
0.997917
1.00418
0.995838
1.00418
0.995838
1.00209
1.00209
0.0498958
255
0.0843265
0.884859
1.61194
0.44559
0.669245
3.03218
0.60674
3.26008
0.115451
3.13712
1.10662
1.07951
2.05313
0.11885
4.04948
0.868456
0.875454
3.63769
0.163802
2.32526
0
100
0.0100418
0.991684
1.00628
0.997912
1
1.00209
0.997917
1
1
1
1
1
1
0.997917
1.00418
0.997917
1
1
1
1
1
0.997917
1.00209
1.00209
0.997917
1
1
0.99375
1.00629
1
1.00629
0.985469
1.01052
0.997904
0.0125786
6360
0.0125
1
1
0.995833
1.00839
0.995833
1
1
1
1
1
1
1
1
1
1
1
1
1
1
1
1
1
1
1
1
1
1
1
1
1
1
1
1
1
1
1
1
1
1
1
1
1
1
1
1
1
1
1
1
1
1
1
1
1
1
1
1
1
1
1
1
1
1
1
1
1
1
