0.066
0.099
0.132
0.165
0.198
0.231
0.264
0.297
0.33
0.363
0.396
0.429
0.462
0.495
0.528
0.561
0.594
0.627
0.66
0.693
0.726
0.759
0.792
0.825
0.858
0.891
0.924
0.957
0.99
1.023
1.056
1.089
1.122
1.155
1.188
1.221
1.254
1.287
1.32
1.353
1.386
1.419
1.452
1.485
1.518
1.551
1.584
1.617
1.65
1.683
1.716
1.749
1.782
1.815
1.848
1.881
1.914
1.947
1.98
2.013
2.046
2.079
2.112
2.145
2.178
2.211
2.244
2.277
2.31
2.343
2.376
2.409
2.442
2.475
2.508
2.541
2.574
2.607
2.64
2.673
2.706
2.739
2.772
2.805
2.838
2.871
2.904
2.937
2.97
3.003
3.036
3.069
3.102
3.135
3.168
3.201
3.234
3.267
3.3
3.333
3.366
3.399
3.432
3.465
3.498
3.531
3.564
3.597
3.63
3.663
3.696
3.729
3.762
3.795
3.828
3.861
3.894
3.927
3.96
3.993
4.026
4.059
4.092
4.125
4.158
4.191
4.224
4.257
4.29
4.323
4.356
4.389
4.422
4.455
4.488
4.521
4.554
4.587
4.62
4.653
4.686
4.719
4.752
4.785
4.818
4.851
4.884
4.917
4.95
4.983
5.016
5.049
5.082
5.115
5.148
5.181
5.214
5.247
5.28
5.313
5.346
5.379
5.412
5.445
5.478
5.511
5.544
5.577
5.61
5.643
5.676
5.709
5.742
5.775
5.808
5.841
5.874
5.907
5.94
5.973
6.006
6.039
6.072
6.105
6.138
6.171
6.204
6.237
6.27
6.303
6.336
6.369
6.402
6.435
6.468
6.501
6.534
6.567
6.6
6.633
6.666
6.699
6.732
6.765
6.798
6.831
6.864
6.897
6.93
6.963
6.996
7.029
7.062
7.095
7.128
7.161
7.194
7.227
7.26
7.293
7.326
7.359
7.392
7.425
7.458
7.491
7.524
7.557
7.59
7.623
7.656
7.689
7.722
7.755
7.788
7.821
7.854
7.887
7.92
7.953
7.986
8.019
8.052
8.085
8.118
8.151
8.184
8.217
8.25
8.283
8.316
8.349
8.382
8.415
8.448
8.481
8.514
8.547
8.58
8.613
8.646
8.679
8.712
8.745
8.778
8.811
8.844
8.877
8.91
8.943
8.976
9.009
9.042
9.075
9.108
9.141
9.174
9.207
9.24
9.273
9.306
9.339
9.372
9.405
9.438
9.471
9.504
9.537
9.57
9.603
9.636
9.669
9.702
9.735
9.768
9.801
9.834
9.867
9.9
9.933
9.966
9.999
10.032
10.065
10.098
10.131
10.164
10.197
10.23
10.263
10.296
10.329
10.362
10.395
10.428
10.461
10.494
10.527
10.56
10.593
10.626
10.659
10.692
10.725
10.758
10.791
10.824
10.857
10.89
10.923
10.956
10.989
11.022
11.055
11.088
11.121
11.154
11.187
11.22
11.253
11.286
11.319
11.352
11.385
11.418
11.451
11.484
11.517
11.55
11.583
11.616
11.649
11.682
11.715
11.748
11.781
11.814
11.847
11.88
11.913
11.946
11.979
12.012
12.045
12.078
12.111
12.144
12.177
12.21
12.243
12.276
12.309
12.342
12.375
12.408
12.441
12.474
12.507
12.54
12.573
12.606
12.639
12.672
12.705
12.738
12.771
12.804
12.837
12.87
12.903
12.936
12.969
13.002
13.035
13.068
13.101
13.134
13.167
13.2
13.233
13.266
13.299
13.332
13.365
13.398
13.431
13.464
13.497
13.53
13.563
13.596
13.629
13.662
13.695
13.728
13.761
13.794
13.827
13.86
13.893
13.926
13.959
13.992
14.025
14.058
14.091
14.124
14.157
14.19
14.223
14.256
14.289
14.322
14.355
14.388
14.421
14.454
14.487
14.52
14.553
14.586
14.619
14.652
14.685
14.718
14.751
14.784
14.817
